CACHE type 5 produced by analog 6.0/Unix. Do not modify or delete!
T	0	0	961	143	0	32	10100397
D	18494545	18795760
12843	125	32	4	461249
12843	182	33	3	570358
12843	183	5	3	98741
12843	184	1	1	8164
12843	185	25	1	0
12844	64	1	1	8668
12844	65	2	2	20755
12844	91	1	1	7919
12844	110	1	1	8624
12844	197	25	1	261575
12844	198	28	3	192771
12844	199	15	0	35038
12844	200	9	1	186858
12844	219	15	1	133523
12844	220	21	5	613383
12844	222	11	4	285700
12844	223	44	2	53901
12844	224	2	1	1338
12844	232	1	1	9256
12844	235	26	2	55733
12844	236	1	1	0
12844	242	1	1	0
12844	250	1	1	0
12844	267	1	1	0
12845	3	1	1	0
12845	38	1	1	0
12845	92	1	1	0
12845	203	27	3	8164
12845	209	1	1	8425
12845	263	31	4	427900
12845	264	33	3	172772
12845	279	1	1	8710
12847	112	49	3	370353
12847	113	6	1	14283
12848	19	1	1	0
12850	121	1	1	3072
12850	150	1	1	8425
12851	75	1	1	8710
12854	224	27	2	40243
12857	23	1	1	8710
12857	101	1	0	0
12857	113	1	1	3072
12857	271	2	0	0
12858	52	8	1	127003
12858	53	22	3	255586
12860	12	24	1	289808
12861	246	1	0	0
12862	158	6	6	54420
12863	282	1	0	0
12864	88	1	0	0
12864	121	1	1	3072
12865	195	30	2	463309
12866	76	1	1	0
13050	99	3	3	28662
13050	122	81	3	947217
13050	139	81	3	947217
13050	140	15	3	520257
13050	141	30	12	947538
13050	142	3	3	31902
13050	143	120	12	1108065
13050	144	18	6	0
13050	180	3	3	28662
13050	183	3	3	28662
13051	51	3	0	7452
13051	139	2	2	19108
13051	153	2	2	17638
13052	129	10	1	157074
13052	154	1	1	9554
13052	164	1	1	8726
13052	176	1	1	3072
1	11	11	0	0	18792700	0	0	18494545	0	0	144228	/perforacion.htm
1	27	0	0	0	18793696	0	0	18494545	0	0	44712	/menu_.js
1	1	0	0	0	18521073	0	0	18521073	0	0	0	/images/DSC01753.jpg?purusha-76.cablenet.com.ni
1	10	0	0	0	18795525	0	0	18792613	0	0	74200	/images/menu_s3.jpg
1	3	0	0	0	18792716	0	0	18792716	0	0	80385	/images/entren3.jpg
1	24	0	0	0	18792716	0	0	18494545	0	0	16200	/menu__b4_over.gif
1	1	0	0	0	18514585	0	0	18514585	0	0	0	/menu__b5.gif?purusha-76.cablenet.com.ni
1	7	7	0	0	18795703	0	0	18495819	0	0	58661	/equipo.htm
1	3	0	0	0	18792716	0	0	18792716	0	0	59910	/images/entren10.jpg
1	24	0	0	0	18792716	0	0	18494545	0	0	13245	/menu__b6.gif
1	1	1	0	0	18496364	0	0	18496364	0	0	8710	/?
1	0	0	0	23	0	0	18795760	0	0	18494545	0	/robots.txt
1	11	0	0	0	18792700	0	0	18494545	0	0	286560	/images/perforacion.jpg
1	26	0	0	0	18795525	0	0	18494545	0	0	110891	/xaramenu.js
1	24	0	0	0	18792716	0	0	18494545	0	0	11415	/menu__b2.gif
1	10	0	0	0	18795525	0	0	18792613	0	0	96208	/images/index.1.jpg
1	29	0	0	0	18795525	0	0	18494545	0	0	119378	/images/fondoservicios.jpg
1	8	8	0	0	18794207	0	0	18494840	0	0	68587	/contactenos.htm
1	21	21	0	0	18792720	0	0	18494545	0	0	95736	/its.htm
1	6	0	0	0	18792720	0	0	18792709	0	0	120675	/images/wpe1.gif
1	1	1	0	0	18496994	0	0	18496994	0	0	0	/its.htm?purusha-76.cablenet.com.ni
1	23	0	0	0	18792716	0	0	18494545	0	0	10402	/menu__b2_over.gif
1	4	0	0	0	18500243	0	0	18496350	0	0	827	/_vti_bin/shtml.exe/_vti_rpc
1	11	0	0	0	18792700	0	0	18494545	0	0	432090	/images/produccion.jpg
1	3	0	0	0	18792716	0	0	18792716	0	0	44067	/images/entren6.jpg
1	4	0	0	0	18515786	0	0	18494835	0	0	105486	/images/DSC01753.jpg
1	3	0	0	0	18792716	0	0	18792716	0	0	54423	/images/entren2.jpg
1	8	8	0	0	18792706	0	0	18494834	0	0	69383	/profundizacion.htm
1	31	0	0	0	18795525	0	0	18494545	0	0	419330	/images/header.jpg
1	24	0	0	0	18792716	0	0	18494545	0	0	6270	/menu__left.gif
1	6	6	0	0	18792716	0	0	18494835	0	0	57555	/entrenamiento.htm
1	4	4	0	0	18526576	0	0	18500242	0	0	26130	/?purusha-76.cablenet.com.ni
1	24	0	0	0	18792716	0	0	18494545	0	0	13875	/menu__b5.gif
1	0	0	0	1	0	0	18495683	0	0	18495683	0	/robots.txt?203.158.intelnet.net.gt
1	24	0	0	0	18792716	0	0	18494545	0	0	9675	/menu__b1.gif
1	8	8	0	0	18792719	0	0	18494545	0	0	63460	/index.htm
1	11	0	0	0	18792700	0	0	18494545	0	0	521550	/images/tubol.jpg
1	3	0	0	0	18792716	0	0	18792716	0	0	54684	/images/entren9.jpg
1	27	0	0	0	18792716	0	0	18494545	0	0	1205748	/images/rotativasgrande.swf
1	24	0	0	0	18792716	0	0	18494545	0	0	13500	/menu__b5_over.gif
1	10	10	0	0	18792720	0	0	18494835	0	0	69238	/quienes_somos.htm
1	1	0	0	0	18524600	0	0	18524600	0	0	0	/menu_.js?63.148.99.239
1	3	0	0	0	18792716	0	0	18792716	0	0	49809	/images/entren5.jpg
1	7	7	0	0	18792707	0	0	18495911	0	0	62351	/rehabilitacion.htm
1	3	0	0	0	18792716	0	0	18792716	0	0	58983	/images/entren1.jpg
1	38	38	0	0	18795760	0	0	18494545	0	0	266440	/
1	5	0	0	0	18792706	0	0	18494834	0	0	167825	/images/profundizacion.jpg
1	23	0	0	0	18795525	0	0	18494835	0	0	582190	/images/quienes_somos.jpg
1	30	0	0	0	18795525	0	0	18494545	0	0	330490	/images/foto1.jpg
1	1	0	0	0	18496461	0	0	18496461	0	0	221108	/images/mapa.jpg
1	3	0	0	0	18792719	0	0	18792719	0	0	373095	/images/Pozo-Esquema.gif
1	24	0	0	0	18792716	0	0	18494545	0	0	14400	/menu__b3_over.gif
1	30	0	0	0	18795525	0	0	18494545	0	0	202592	/images/fondogris.jpg
1	0	0	0	3	0	0	18792497	0	0	18504605	0	/robots.txt?purusha-76.cablenet.com.ni
1	27	0	0	0	18792716	0	0	18494545	0	0	16530	/menu__b4.gif
1	11	0	0	0	18792700	0	0	18494545	0	0	351850	/images/desarenador.jpg
1	7	7	0	0	18792708	0	0	18494835	0	0	56709	/sellamiento.htm
1	13	0	0	0	18792720	0	0	18494545	0	0	245416	/images/tubos.jpg
1	5	0	0	0	18792706	0	0	18494834	0	0	360890	/images/jetting.jpg
1	3	3	0	0	18500243	0	0	18496350	0	0	5262	/_vti_inf.html
1	1	1	0	0	18496461	0	0	18496461	0	0	523	/mapa.htm
1	0	0	0	2	0	0	18792497	0	0	18792497	0	/robots.txt?63.148.99.239
1	3	0	0	0	18792716	0	0	18792716	0	0	22008	/images/entren8.jpg
1	2	2	0	0	18522074	0	0	18514195	0	0	17420	/?131.158.intelnet.net.gt
1	50	0	0	3	18500245	0	18500243	18496351	0	18496350	192007	/_vti_bin/_vti_aut/author.exe
1	24	0	0	0	18792716	0	0	18494545	0	0	6210	/menu__right.gif
1	24	0	0	0	18792716	0	0	18494545	0	0	9540	/menu__b1_over.gif
1	3	0	0	0	18792716	0	0	18792716	0	0	67779	/images/entren4.jpg
1	5	0	0	0	18792708	0	0	18496470	0	0	230120	/images/rehabilitacion2.jpg
1	29	0	0	0	18795525	0	0	18494545	0	0	234180	/images/servicios.jpg
1	5	0	0	0	18792708	0	0	18496470	0	0	270208	/images/rehabilitacion.jpg
1	1	0	0	0	18524131	0	0	18524131	0	0	0	/images/fondoservicios.jpg?purusha-76.cablenet.com.ni
1	5	0	0	0	18792718	0	0	18496470	0	0	184316	/images/equipo.jpg
1	24	0	0	0	18792716	0	0	18494545	0	0	14610	/menu__b3.gif
1	24	0	0	0	18792716	0	0	18494545	0	0	13020	/menu__b6_over.gif
1	27	0	0	0	18792716	0	0	18494545	0	0	885122	/images/rotativas2.swf
2	50	0	0	0	18500245	0	0	18496351	0	0	192007	tierra
3	16	6	0	0	18792707	0	0	18494834	0	0	585949	http://www.tierrasegura.com/profundizacion.htm
3	3	3	0	0	18792718	0	0	18792718	0	0	26178	http://www.tierrasegura.com/contactenos.htm
3	412	17	0	0	18795525	0	0	18494831	0	0	2258666	http://www.tierrasegura.com/
3	44	8	0	0	18792706	0	0	18494545	0	0	1341990	http://www.tierrasegura.com/perforacion.htm
3	77	4	0	0	18792720	0	0	18494545	0	0	218196	http://www.tierrasegura.com/index.htm
3	41	7	0	0	18792716	0	0	18496354	0	0	90735	http://www.tierrasegura.com/its.htm
3	0	0	0	5	0	0	18795760	0	0	18494545	0	http://www.whois.sc/
3	3	3	0	0	18792613	0	0	18792613	0	0	28662	http://search.yahoo.com/search?p=perforacion+de+pozos&fr=FP-tab-web-t-274&toggle=1&cop=&ei=UTF-8
3	11	3	0	0	18792719	0	0	18496470	0	0	586073	http://www.tierrasegura.com/equipo.htm
3	23	7	0	0	18792720	0	0	18494835	0	0	389965	http://www.tierrasegura.com/quienes_somos.htm
3	1	1	0	0	18518461	0	0	18518461	0	0	8710	http://search.yahoo.com/search?p=equipo+perforacion+pozos+agua&ei=UTF-8&fl=0&fr=FP-tab-web-t&b=21
3	4	4	0	0	18498122	0	0	18494831	0	0	8668	http://www.paginasamarillas.com/pagamanet/procesos/web.aspx?ie=2881732&tipo=6&web=www.tierrasegura.com
3	1	0	0	0	18496461	0	0	18496461	0	0	221108	http://www.tierrasegura.com/mapa.htm
3	3	3	0	0	18792695	0	0	18792695	0	0	28662	http://search.yahoo.com/search?p=maquinas+de+hacer+pozos&sm=Yahoo!+Search&fr=FP-tab-web-t&toggle=1&cop=&ei=UTF-8
3	93	6	0	0	18792718	0	0	18494835	0	0	649599	http://www.tierrasegura.com/entrenamiento.htm
3	5	5	0	0	18795760	0	0	18494545	0	0	15360	http://www.whois.sc/tierrasegura.com
3	14	4	0	0	18792708	0	0	18496470	0	0	533583	http://www.tierrasegura.com/rehabilitacion.htm
3	1	1	0	0	18526576	0	0	18526576	0	0	8710	http://www.paginasamarillas.com/pagamanet/procesos/web.aspx?ie=2881732&tipo=1&web=www.tierrasegura.com
3	1	1	0	0	18515784	0	0	18515784	0	0	8710	http://search.yahoo.com/search?p=rehabilitacion+pozos&ei=UTF-8&fr=FP-tab-web-t&fl=0&x=wrt
3	7	7	0	0	18792720	0	0	18494840	0	0	39220	http://www.tierrasegura.com/sellamiento.htm
4	54	0	0	3	18500245	0	18500243	18496350	0	18496350	192834	MSFrontPage/4.0
4	14	14	0	12	18795651	0	18795651	18495683	0	18495683	120425	Mozilla/5.0 (compatible; Yahoo! Slurp; http://help.yahoo.com/help/us/ysearch/slurp)
4	1	1	0	0	18501219	0	0	18501219	0	0	0	Mozilla/5.0 (Windows; U; Windows NT 5.0; en-US; rv:1.7.5) Gecko/20041107 Firefox/1.0
4	2	2	0	0	18794207	0	0	18794207	0	0	17638	Mozilla/4.0 (compatible;)
4	6	6	0	0	18522074	0	0	18522074	0	0	54420	Mozilla/4.0 (compatible; MSIE 6.0; Windows XP)
4	16	9	0	0	18524600	0	0	18496472	0	0	9256	Mozilla/3.01 (compatible;)
4	5	5	0	5	18795760	0	18795760	18494545	0	18494545	15360	SurveyBot/2.3 (Whois Source)
4	282	30	0	0	18792613	0	0	18494831	0	0	3298001	Mozilla/4.0 (compatible; MSIE 6.0; Windows NT 5.1; SV1)
4	33	3	0	0	18500244	0	0	18496350	0	0	431999	Mozilla/2.0 (compatible; MS FrontPage 4.0)
4	267	39	0	0	18792720	0	0	18792695	0	0	3554979	Mozilla/4.0 (compatible; MSIE 6.0; Windows NT 5.1; SV1; .NET CLR 1.1.4322)
4	10	7	0	10	18795703	0	18795703	18792904	0	18792904	73502	Mozilla/5.0 (compatible; Googlebot/2.1; +http://www.google.com/bot.html)
4	90	8	0	0	18500245	0	0	18496349	0	0	491284	Mozilla/4.0 (compatible; MSIE 6.0; Windows 98; FunWebProducts-MyWay; Alexa Toolbar)
4	30	4	0	0	18515787	0	0	18515784	0	0	382589	Mozilla/4.0 (compatible; MSIE 5.5; Windows 98; Win 9x 4.90)
4	10	1	0	0	18795525	0	0	18795525	0	0	157074	Mozilla/4.0 (compatible; MSIE 6.0; Windows NT 5.1; FunWebProducts; SV1)
4	24	1	0	0	18518462	0	0	18518461	0	0	289808	Mozilla/4.0 (compatible; MSIE 6.0; Windows NT 5.1; .NET CLR 1.1.4322)
4	2	2	0	2	18504753	0	18504753	18498197	0	18498197	17135	ia_archiver
4	85	9	0	0	18514195	0	0	18494545	0	0	530784	Mozilla/4.0 (compatible; MSIE 6.0; Windows NT 5.1)
4	30	2	0	0	18526578	0	0	18526576	0	0	463309	Mozilla/4.0 (compatible; MSIE 6.0; Windows NT 5.1; SV1; FunWebProducts-MyWay)
5	10	1	0	0	18795525	0	0	18795525	0	0	157074	cce01.racsa.co.cr
5	193	20	0	3	18524600	0	18500243	18496349	0	18496350	1125373	extproxy2.guate.net.gt
5	1	1	0	0	18501219	0	0	18501219	0	0	0	64.114.199.1
5	1	1	0	0	18496463	0	0	18496463	0	0	8710	208.158.intelnet.net.gt
5	1	1	0	0	18497845	0	0	18497845	0	0	8425	lj2072.inktomisearch.com
5	0	0	0	4	0	0	18497845	0	0	18495683	0	lj2598.inktomisearch.com
5	2	1	0	0	18496470	0	0	18496470	0	0	38166	204.158.intelnet.net.gt
5	1	1	0	0	18495685	0	0	18495685	0	0	7818	lj2263.inktomisearch.com
5	30	4	0	0	18515787	0	0	18515784	0	0	382589	customergdl-148-244-178-72.alestra.net.mx
5	267	39	0	0	18792720	0	0	18792695	0	0	3554979	02-090.190.popsite.net
5	0	0	0	2	0	0	18794137	0	0	18794137	0	68.142.251.195
5	1	1	0	0	18495911	0	0	18495911	0	0	8624	lj2296.inktomisearch.com
5	27	3	0	0	18497819	0	0	18497818	0	0	8164	151.158.intelnet.net.gt
5	0	0	0	4	0	0	18795651	0	0	18792497	0	lj2585.inktomisearch.com
5	1	1	0	0	18514195	0	0	18514195	0	0	8710	lager.netcraft.com
5	24	1	0	0	18518462	0	0	18518461	0	0	289808	igw-ww.cargill.com
5	1	1	0	0	18495685	0	0	18495685	0	0	12937	lj2564.inktomisearch.com
5	26	2	0	0	18496539	0	0	18496539	0	0	55733	174.158.intelnet.net.gt
5	0	0	0	2	0	0	18527420	0	0	18505816	0	lj1218.inktomisearch.com
5	2	2	0	0	18527420	0	0	18505816	0	0	8710	lj1150.inktomisearch.com
5	27	2	0	0	18510880	0	0	18510880	0	0	40243	131.158.intelnet.net.gt
5	2	2	0	0	18794137	0	0	18794137	0	0	19108	68.142.251.168
5	31	3	0	0	18496461	0	0	18496459	0	0	472934	210.158.intelnet.net.gt
5	35	6	0	0	18498119	0	0	18496461	0	0	693162	209.158.intelnet.net.gt
5	2	2	0	0	18794207	0	0	18794207	0	0	17638	216.230.142.230
5	33	3	0	0	18498122	0	0	18498121	0	0	172772	207.158.intelnet.net.gt
5	3	0	0	3	18793696	0	18793696	18793696	0	18793696	7452	crawl-66-249-65-79.googlebot.com
5	3	3	0	3	18792904	0	18792904	18792904	0	18792904	28662	crawl-66-249-66-52.googlebot.com
5	1	1	0	0	18495819	0	0	18495819	0	0	7919	lj2282.inktomisearch.com
5	39	6	0	0	18496471	0	0	18494545	0	0	705711	203.158.intelnet.net.gt
5	1	1	0	1	18498197	0	18498197	18498197	0	18498197	8710	crawl31-public.alexa.com
5	4	4	0	0	18795651	0	0	18792497	0	0	38216	lj2558.inktomisearch.com
5	81	3	0	0	18792613	0	0	18792613	0	0	947217	dsl-201-128-218-107.prod-infinitum.com.mx
5	5	5	0	5	18795760	0	18795760	18494545	0	18494545	15360	www.whois.sc
5	30	2	0	0	18526578	0	0	18526576	0	0	463309	ip-cust-sv28086.telefonica-ca.net
5	1	1	0	0	18495683	0	0	18495683	0	0	8668	lj2166.inktomisearch.com
5	1	1	0	1	18504753	0	18504753	18504753	0	18504753	8425	crawl28-public.alexa.com
5	1	1	0	1	18795703	0	18795703	18795703	0	18795703	8726	crawl-66-249-65-129.googlebot.com
5	3	3	0	3	18792919	0	18792919	18792919	0	18792919	28662	crawl-66-249-65-244.googlebot.com
5	64	8	0	0	18494845	0	0	18494831	0	0	677263	purusha-76.cablenet.com.ni
5	6	6	0	0	18522074	0	0	18522074	0	0	54420	63.148.99.239
z	0	288	23	18792720	0
z	3	185	1	18792695	138063
z	4	225	99	18795760	1286733
z	5	259	20	18795525	8081398
z	6	4	0	18792719	594203
c	200	667	18795703
c	206	7	18795760
c	304	287	18792720
c	401	3	18500243
c	404	29	18795760
